555555555555555555555555555555555555555555555555555555
555555555555555555555555555555555555555555555555555555
55        55                                        55
55    P   55      O        O                        55
55        55      O        O                 H      55
55        55      O        O                        55
55        55                                        55
55        555555555555  555555555555555555555  5555555
55        555555555555  555555555555555555555  5555555
55                                    55            55
55                              C     55  O      O  55
55        555555555555  5555555555555555            55
55        555555555555  5555555555555555            55
55        55j                        j55            55
55        55j          O             j55            55
55                     O             j55            55
55        55j                        j55            55
55        55j                        j55            55
5555555555555555555555555555555555555555            55
5555555555555555555555555555555555555555            55
55                                             H    55
55                                                  55
55        55555555555555555555555555555555555555555555
55    OO  55555555555555555555555555555555555555555555
55        55                                        55
55        55                                        55
55        55         55555555555555555        H     55
55        55         55555555555555555              55
55        55         55             55              55
55        55    OO   55  O        O 55              55
55        55         55  O        O 55              55
55        55         55             55    O     O   55
55  T                55             55              55
55                   55             55              55
5555555555555555555555555555    555555555555    555555
5555555555555555555555555555    555555555555    555555
55                                                  55
55  OO         CCC            CCCCCCC           T   55
555555555555555555555555    55555555555555555555555555
555555555555555555555555    55555555555555555555555555
55                                                  55
55  O            C                 C              O 55
55    555555555555555555555555555555555555555555    55
55    555555555555555555555555555555555555555555    55
55    55                                      55    55
55    55   O    H        Z        H        O  55    55
55    55   O                               O  55    55
55    55                                      55    55
55    555555555555555555    55555555555555555555    55
55    555555555555555555    55555555555555555555    55
55  O                                            O  55
55                                                  55
555555555555555555555555555555555555555555555555555555
555555555555555555555555555555555555555555555555555555