7777777777777777777777777777777777777777777777777777777
7777777777777777777777777777777777777777777777777777777
77                                                   77
77                                                   77
77    II                                        II   77
77                                                   77
77        77777777777777    7777777777777777         77
77        77777777777777    7777777777777777         77
77        77                              77         77
77        77                              77         77
77        77                              77         77
77        77                              77         77
77        77                              77         77
77        77                              77         77
77        77                              77         77
77        77                              77         77
77        77                              77         77
77        77                              77         77
77        77                              77         77
77        77                              77         77
77                                                   77
77                                                   77
77                                                   77
77                      7  7                         77
77                     77  77                        77
77                    77    77                       77
77    II                 P                      II   77
77    II                                        II   77
77                    77    77                       77
77                     77  77                        77
77                      7  7                         77
77                                                   77
77                                                   77
77                                                   77
77        77                              77         77
77        77                              77         77
77        77                              77         77
77        77                              77         77
77        77                              77         77
77        77                              77         77
77        77                              77         77
77        77                              77         77
77        77                              77         77
77        77                              77         77
77        77                              77         77
77        77                              77         77
77        77                              77         77
77        77777777777777    7777777777777777         77
77        77777777777777    7777777777777777         77
77                                                   77
77    II                                        II   77
77                                                   77
77                                                   77
7777777777777777777777777777777777777777777777777777777
7777777777777777777777777777777777777777777777777777777